1fc18197
00000000
00000000
00000000
01c18193
00000000
00000000
00000000
7fbff117
00000000
00000000
00000000
ff410113
00000000
00000000
00000000
00010433
00000000
00000000
00000000
008000ef
00000000
00000000
00000000
0000006f
00000000
00000000
00000000
10010537
00000000
00000000
00000000
ff010113
00000000
00000000
00000000
00700593
00000000
00000000
00000000
00050513
00000000
00000000
00000000
00112623
00000000
00000000
00000000
01c000ef
00000000
00000000
00000000
00c12083
00000000
00000000
00000000
100107b7
00000000
00000000
00000000
00a7ae23
00000000
00000000
00000000
00000513
00000000
00000000
00000000
01010113
00000000
00000000
00000000
00008067
00000000
00000000
00000000
00052603
00000000
00000000
00000000
00100713
00000000
00000000
00000000
41f65793
00000000
00000000
00000000
00c7c633
00000000
00000000
00000000
40f60633
00000000
00000000
00000000
02b75863
00000000
00000000
00000000
00259593
00000000
00000000
00000000
00450713
00000000
00000000
00000000
00b50533
00000000
00000000
00000000
00072783
00000000
00000000
00000000
00470713
00000000
00000000
00000000
41f7d693
00000000
00000000
00000000
00f6c7b3
00000000
00000000
00000000
40d787b3
00000000
00000000
00000000
00c7d463
00000000
00000000
00000000
00078613
00000000
00000000
00000000
fee512e3
00000000
00000000
00000000
00060513
00000000
00000000
00000000
00008067
00000000
00000000
00000000
